$ANSIBLE_VAULT;1.1;AES256
33306662366233363866346231616434393935386135323536313738623336643364353337383465
6138393061653532663261313136626332376139396436390a376438333863393539316162626162
31323833623065373566343930633932353336333739643339313130306334316564393563633763
3566383932626532310a333165663163333066316539646665646335646534303032656566643264
36363737383061356230633136343434343531306335666538343865376637353566313539366432
31306361313131383536346234616434393130366262376665623966346434383431306533373034
63383164633161663366646561366436383765623164343765363734633635616439333032623835
31383062326334643235623066373535356530376136666331343333356437653763366533663264
37323838663637656463376634353464633036316639633966306233613066633734623965383931
65333736656239346332313236616139313930343363356462303566383961343430326361626636
35326630613938623963643339323834646566346634623936396139626433333764383333323933
37626230383362303861643030663839393232636566356362306564393265373031643531323665
31646263346234626666663664386631343961353962633764643766313735613636363065303332
3962626661613961663362383562353262663937303865646137
