$ANSIBLE_VAULT;1.1;AES256
30643830303637336631336632396332633631656337353330366437656435393963333931346338
3734646138643532623135393564616163366133343732320a343565666463303039633364333736
31643365326434323363303431396633383934363231326563343831316464356133336261616236
3233303036303237620a376334323531653331663365313032623935666639393364633939303663
34386166663037653234633563323837643837613237346338653338356436383831333539386233
65393461386635656166333264343436343537313439356238356336333139613834633438343739
36303763623437316665353962653134313063646461303738666136313863333138663137383932
32383865376662373062313562656363656136353539366431363838323866326664613330373761
66666666626536633836623564633839333463346534636532636662396662393030393765363366
66656531393839356631353561636565366164383530643963353266666336323863336665346438
33626363643239656432306536353235366639626236343733336464323439333134616637353938
36333137316163313363323236633962666565353063316662383037626437633962313038363830
37306236393664366531343632333432643736333336303836636164333237616435303438356464
30383565626335393866616238323064613666313631356539323035373439306466633533393232
35636636383562396431383739653432373234633935323131623235356330363461316438383863
66663363373832343162363734643938353931363933313238353966653939626537636563346231
34306232666231613139626538393465303966396330636330323662663365316332376239396663
31616336363464306232363837663634343839646138383564653038633662316666613962383764
63336437316337323939333861656666653132353039643538633062633764316335663830343965
33636662663530306166643634383734656536313137613961616239653166663138653264376336
38393637333839346663666532333730336138326230356463343434396437393336626464653330
66613239623766386234323933303435373962366133653939616138383332336236383239393739
65346261633432663566356438326130633135616364303866346436396563323133613231383334
66343562363038636233353562383538323737336630616639633439656232333136633164376534
36653137366261633837346139333330373936373439613838386365663232623062333163663364
65656261666131613836326536303936643466666231373234646664333336316539323062636235
35333333336632616139323961633861333364336461626137613234633834303064363161633164
38643562373635363137623662376164393861643565376332633735376137393537343363303561
32303864313738646164646338643261313365616436343038623333306662646163386661623963
65366337646330623139663930613965666266346531306334643232393638613265346434376631
30306138313138613461646333663730373763376533336538396363323831333034376431303630
30326535646336623535653966393735626265643465323530666637623332656164643363303431
66393036346231616330366633396164663161386136646361343537326435613637666538356335
65653365376632373235373465323166653361613932613266653264626636303832353037316431
39326366366165633430616664373863616438366239623162653239616263633738373633666662
65323661326630616639663364656661636166313037336335663231376533303834393263396462
30373061636666633335333438346336656239663437626262373436356131303235643138303637
38376561386635643633613935663963646332376662626261333864316334653334336236393561
38663537363766373766633164386462653538346634376533373632626563656365373134643238
38383432313965363561656666636430366362326363643333646461653765613864626162323064
37396535383637326261666632376236626466656564653734343235633862323862363938656634
66336639613765303636336463303665326166353461386432326464303137626135333364346230
66393464363866363433643638363737346161343531633135663437386366373131643134323437
34623838623834386538633339643230623537343565313361323466636633326565363933386436
36383239336365303639303930396461323763386537396637613165353036653561663133633037
37353931613535646465376433316461663537613966623431366566633362653131303264626236
35313534313431336235383032386633373165393864663738356435393066386331363730653534
39303361666535613835326131366231333038393433623662343364396636393930353334326131
64303361373433363165633730626566643133623034383764356365643163636132613364326565
30313939333537356132613536373630363537386135613937633361663466396531613763326435
65636264383639353231623932653939316538343837366130646262353762366537613862353132
37343263396331336235623630393466636532376436393530383931353261396433373730613066
39383761326632333066343730626238303834353535656433626534653361336235373061396330
38613139366237376431383965643335613966316162613934383431643562343366323033363763
64306336323236366334383336313731343134306566323464333465306533616237656137366562
30383262373032373731636563303631363763326637383638666332636633343237363432633335
66306166623762386363323731383137313863336539376236373165646265633433383637333166
62643535353835383234333538393762363633393762343963616231336362633931633432613261
38623762643835353966633534613063653266623934363333613832373261646564623266363838
34353366323765336666633638366564376434383366633166636237353732303535656537663938
34376236373665343565346365663139653139323839656162383034633565313936386361386666
35393562316232303939363839653431653531376535643730626463383465653961373164646666
36383336616532643637636461343138346363363037613063306164373362346635616437393162
37343534653436666631666334666535653063613766643332323363363536303833623737353061
37323834613366306433373362376534363964663332653861366531363836643439383931376633
63393066626435396535353266616138316139303465373363306166646634363130376534633963
63633364316231663464386437616334643830353734643737386130616338616339303032666366
32666661623363363337636432316565323733626562376461363366616465646432303461356630
33393631666537633239323365616430353263613032386138366132363338333837373434666134
63646238623834616536396165386365623662313466326133633363636266333436343832313335
30366365323930396466646562373938666663636337663639353964383035323230623761623864
31323931323663343032656162396330343139333633663961373238613363333334666437353361
36326639393934373464613365623132386437343130393062633564343533336136373764336365
63616433613133376330636531333530326364643364353934336438363237636634353136313164
37626337623861346130386362313833653366653936393837663539646363333731383133393565
64333239666535373763333637323935393962393831303635313133613639616630363866363236
31613764303833653037326434336564636133386132626666666663363631666362353362313438
34376136343262663435643230363230393930626338666363646537323331356232363063653030
65303261383166623434393830383635386238366463313238363939613731366664643931663633
33613436316234353635383130363638333262333531313765643735656334343063316234376332
34613535313736646363653363376338363332363630323034333634656365366165656161656261
30643437386332396532363566393465373433633365303539636635623535326462643135383936
62333865386332363036643139373038336232643233363930356330396439396235326533643934
63396133646565643430666163623933353935343934333232336563376563313763393664313638
65396130646237326437383564356266363336646665316331666361316434353533323762336662
33613061316437663032366561336662666135396132646366356265663739376330303233346236
30396334393834313033303165373362353931353162373638653135336130303736653939326339
32336137396135333930616333313264636238356433656166666664656363333765393631666166
34323465616464306232333134376464373963386632383734356630306230666337343738663434
38326539326433663765383134623735663531663065353038373665653563323732663636633835
65626632636165343364623336313366653266643765313038376530313238643139666232646637
63373837386437636230626431643064306531663161373039333037616234373633643536363233
39313138363633316163363561303939343834383832663166303531653737373838373635636661
36306661663230613161333733636632633836303865386333653234353930363239383162656234
63333536646232346364613338666461316161386464656566636365616466623666636330633461
65326233383230336230663838336538366263333161383163646639333239663361376437353066
66323763323632653838343338386430316363316331363832653536353735353231376638633164
38623861313162366566353230356265616366623238623662393234323662343866393131343731
39656531373834623463663463353065313362393837613839663030316639343563326433663862
33353931666435633531646338326432643661393936356138376631333738353230663661376165
32313936366536353035633433666365396630303039326439373564343637346464326335323633
32346663656462613864303235376566663436643933643233383532636531306336343534353864
65613665386263363463333065643439636334646564306436393935333833653530643437313164
61383632386133623264656666346635666238316633343662386533366638626335323264336132
61303866623231303730353563396637633530353833626237323266343265626237336162343030
34393562333763623139633634386466316331353037323962313631613864396435636637316663
38663334616236616535363464393436303662326535313032613739316238646461313366343262
36366231636162386230646436636437373239666336363636653439333865353133306435656632
6562
