$ANSIBLE_VAULT;1.1;AES256
36653161323266323764326531313230303335363932383734663334643733376464313030366464
3437636632646631663035646566393737303735626131650a653934303138363337393537353761
62333939373764613939646663343366346232366134626464663437396661376561393162616239
3634623766626135640a316161353735303466383333363832316333313566363566373564306332
61306530353763306361366532613533363234316662623665393332646631346164643262613036
66363663626533343461666132363934343537663763396630653862636266333739316138356138
32616432356663623161623364353761383761393239316331653530356134623632616333633438
36613863623764313864663231646138396337656131633962666538623834343135363637323632
61353633366233353466303964366162343634313838626639613964636363643532656331306531
37643231366563326263323030346437643564356330393034623039323934323439356161643463
66323439656134663539646365386130386461666334393463626666363331633534386232363635
33386566633637326636383334336637643562383539666138326365343239646137653436303863
62613838343265633264346534303937666137616462393234323762313264303662663966653638
36396533303762333764376337343262656666356333343063333731656536383663363738333761
37336635356265393937376536313665343365393938363062666231626236396234376266303963
30323837613964353165663933396130393962656538633738383862666562643233343431633338
63386332343963323832346331386436643133616164626237353263656466396263656234313531
31653038303239643964323962626635383331323735633863313130633965363130333964393838
31393439333861396135396463343936313931313937613339313364346238383037623437366166
65303734646162643338373038656261393733353333363461383164346434613134383362343638
6136
