$ANSIBLE_VAULT;1.2;AES256;staging
37356166376165626365303166383135653939363433386530633761396431306436623763623530
3135366336383833633861623933353762383365313431630a343562633936306434363632326234
34616433353334343334343563633966336437363034623136613234323533666637396238396231
3863656365613333320a383239323730313833666537333465616437343133353733313431613438
32366539333532626366316263363765343935666337306164653738366130353763616238336537
35366532343431396466646661396638366636623639396237616262656531353830303235643732
37623735663835376133376631353937666534613438633065386461396337623061383465363033
31393363646465623836343165353832653235313164386132363530393462353261313839653533
31633138623638633630663738653666333833323030396330363031623939393232303033336133
34396331643132643131613661643762393830363832363239303065386561356338316530346538
63393366656166616335353761343562646430666264623334343034396139333238663430386365
35393762313932396564316462613064616331393863323332373038643534333930663864393434
36356664363363623762643235353839363564393830356337366131313932346163623233626663
39333436376532306662376134646233633735313364666234663838336461326431326237333966
37663932356264373961383238633032376464383433633766663832313433613831353863363337
36396638323239643538623737343736316138363232356361396364376463353235363330326231
34643365396165353933623062396630633337303033313736623265646132363138376632633731
64636132393231316563643138656634356131633061646562346533313136316666663532646334
63643131613635346636613463663838643039303332623338363165363136346164656465633038
37616531373737623862346464313439616335373038393339623135346537653064656235393130
35316664636633653935323735626539343065653132633934616136303234633739333130373635
35643734396633393238383265303336663939303866663162363332343463316631376663613632
62303733653063386636353961636465616166333562313135613133306634393534316532373838
39633162303138616164623139633132363039376463386438363863666463383866333162653234
66356563353465393661626634386130633364353834663835613061363262366637393132326161
65653762613932353537626165633435396361346264313565373235653235336639323034643634
38386664383763346130393562663764313935663339306131393139353861396431613162326639
32383833633864306232333031396664383031306135313364363662613066326562333235656665
34643465313365323837303939623633313731316637336333326466643931613738336338313064
39623561363461333134373961633237616637356365373931373331343937356132363165333830
63626636363432666361643339626239346135383366313566396338323235316263626537366565
65333931653133386564303835643830386638633436613639656563383738343461393139666239
39323733326637623631393539616562393931333765333135336333333430353235653030346266
39616537636533353931636166663661383162633164623166626530653063373633636365656565
38643638626631636564343637643631356536363561333731386430636662646639383864353035
64396233383466656165303333363938393537356533363361393231303931313464326464653139
39313062336663343363386531316236613131303530356666623637386239383365343338333633
62303564346138653630663134666232313632623836353532663964356664613261396366653731
34663334366334666537393564643534666339656338316663653835626662633438636233353337
34663838643363396336323231643136306432643832616561623764346662343336343138316131
66366566323039326639353066333765313034303861313263303837336361353434646362366366
36383035353431313666626137356532326363366236316237386465393133663439393464626436
30333764366666333262343035336366393230383834666162646633396438393734643663303435
61623437363336313432393734343238343930383935666338613365613835303733656332386663
63656330313934393434366330383262393232646661663638356236643061646533393531363063
62366161303737653866626337613630663361386531376536363261623932653631656161316534
34373133346336353231386537353563653162326139663166353262386637376664353932316261
34613837343061373034363733373231643736653038303832336135636236626133366539373831
34333338336562653261383032376566633964326164333833663164383533343331643365396132
39356162656432303135366333333566343034313136306661666662353839323065363131663037
64636361326164376262383463643439653733333565633339646566393463656439353961333665
35336262313532313733636135643630373831346464626564346133306233366338303132393839
66383032326262623737343131326630363763333663633064343535346163343930396330356436
37663666333663323939353263646435383637346337363334303961323939303665353135323865
32646635656232326562613734623166363562383162623934336461613461323334623233653761
31366134636439636435383333666538383131663831373138383239353136356361646138663561
61383833386138316135643863323366323234343934396334323736376634396666353665333332
62643566306438303536653230633464653461666430376166643931303864383535393937323937
61656631333639393932373235663633393061623733386632393365306534323564333933623434
36316337356339623338303539373266663335383937376435343830303633366234393432656237
63623363343337306161623934616563323665326432636532626136316632366437386266646163
39663163663062373463353238383735633232313339643039393338626664643838643835393838
35366338393966313230303238616635353563626333656561643634313066343538373038666634
30333134303163396366373037366666633539323732346534376633623439656233646439633565
63663830396130636664333162313431313466303935313639343735363430356364613964663239
66623335346130303866666635393439323265346237363034306231356365663535383436623933
33376265343431306338393934363964643862646263646563356538373035373934663230633139
37393837343365616633653232353234636232636636356266656231336330303365373435626463
65366638643536656332396261373333653236333735376637326665663563383563353665323438
36393262393735646562623230623766313235326663383430366563633931623331363436643439
37383463313666643862326163613434323537643761636664323764316639633361623230383435
66353430653965663362346639386236303533643232333565343764336565393666613239613230
66356437643262346535356164346261623630323530633233383165656334336631666131353263
33303936363364643037613532326462363366623236393834393639633637626361646264623861
66386636373438613162373965376236613036353631343630623030323736386634323163653061
30363738303461373762323961373936313839366461616166396662376532623834306232656362
37373231326162343539646633363833636462323163366237306665363131633934393466346339
34666264323633356634333362633136616366303463636132363135323566626437636332363064
37623639633734623535326331613039363339626333613437373238663330663861323637326666
38313632633534626562356537363561623338376664616530373331333031656164356363643030
62613538353363383031376637343366643830323765633763663465323562643432643436653731
61613736386561353237626432646265613064393832396233383762336164663434343963366330
63303831336134383930386536383061353737363032343862353437356262336637353965353432
36616261633834623334626537353530636339616230666538646565346336646337303437646631
63666533313963373732356333343334653265313930313438373164613364396262636466663138
37386439313736626238636338353864623734383930366266366364363137653233363435313931
36343739346264316635336530643337363663626439306664613931383664653462666133356230
36363037383339333032613866306264363666663535616336663461323065356264326462333938
31353339613461373165633135636662343038366530663164303365326565663062646663643262
6532393339326238373538303539363165656435633438663131
