$ANSIBLE_VAULT;1.2;AES256;staging
38636237616433396564653434633630363631666434393832373466363337326631396530663436
3330633061346561623863656537646536366639383664630a336538376133356439346164313136
39343435333561376433326532623233343865366536383933663431393766363038636566326163
6630323862336238350a346636346135386333323336653433323339383339666435633839326136
65353865646433363030326331346238393439656232346538663835373635326539613463613934
62316634656630623164353631613463643361363865626637313038636665336261353666366332
32326231663631323339623936333834316265333430363433303032396337323331316134623636
33373736613134323434613866633165343531336262633338393436336633336363613864373766
30396333316637643331326666643664386338366335333333356239366563613832643864356239
31663137653763666135353134383966316262626634336261653263363166636339313462646534
34613439333535636633643462393266626465366335623930346565376333306165376335646638
39393430653039656662356338383065653564663264306635666337343038383231653036366239
31616534653631343966363761303863333434383933326533613261666633373166663264353531
32343530323163303565653034376433613431323731323530373665663462316130653431323031
61303233363066363663613833366161323466653364613739336239396231313033666565346438
31383431306430663666633736613930626231313735306537396565623332386663636132646164
35376136396166393866643565313338346131383730663137616636353736636430326461636137
33383639353633346366666238303937653432616266346365653366623531323031666534383738
30653337653463363336303934633231313436316138666533386531363163353735353263386637
31626139316265303535623032343136626134616165656564333739366661366261343731653162
33396365663130623833366133663235666233323231666562303261653533326534333035326263
39363735623138316439313134373437363335313065653435303963363762333937316266356231
39626137336630626662323163343132653164626138336133646338313964363135653161353630
65386630376333613238333637343263326235656138326132656362636130656239313135356133
61376565383333373731383336336339663332313466316539326231636332383265363234616663
35353666303333613739353237643961623837346562376531363065353736323830636162663563
62376535386434353362373335383736373739653562343631323939623230343365646331363539
30366165653662353936353761346231303539383561393636333634396138623030306361353936
36343666656364393930613037313432663162336665383337366664386633336436376564653633
35656466646238383837316331656635633664343937666633653035313462353637313533303266
38336639353331616536636233666537316431386635396130373864646437663933356564303332
32363733613737386637656230373238623563393864386231343163373136663534326162376631
36316362656633666364663065313262373638373231633162666661323534633535366265386530
32626236316164666536376331646330343035633231313730393233616433383961616334663436
34646435323763653064353462346665376239613732386237313565376166636566636661333834
33376134383134616666633133343762373236646663333962643534313531333761323830313638
36643062616461346163346532616137643964323233643163626563643465393337366466313763
65303139363731646139343735666634643635613631346432386462653662613239353461366532
65373936303464373763336236643932346238326664373863306136386433666534346563363332
32336437356231346465613631343563373061386664643332633636396631316363396137306434
61316530616362396635623963323436396166396664346465343266343536626233626333633835
35613965343538306531643761303563663166393230626435343532306332376635343030363335
31643839643637633139383736353664613730333631323033363431316161616335343837643930
30326663323531626135626435616561306665373238376435343164316665613661643732346330
66376632376264336139653335636438663666613739396665306361353733656633663934346663
61396530646130623034313731666331643466633265333537616132313231376635373934633337
61326332333663326534303662356437346661653937636133663530666463393863613338323038
65646435373434333330353862663436376265376434343430373830363766613938316437393739
39323364343766626330626563323735343864643733363932363238316635333962623663313438
64376163363032323331613832616134353032326636316666326665653966633966343134636462
65323561333433643138643533303264636464663231633830353036666131306538343061643338
66323932323033303739316332316661646334663431343438303631653738333633336465646162
62653365353063396565376236323763363665366333373363663762353036323166346337373466
66623631393032346533346130373931656239353738393762316130633966373331626433343335
36333863316130643531376535646231646261363839633964366333376461343562613833306562
35633932643239363839376439323639313639333761366561653965343634386435306533313963
36663962396535656536356134376666343365656363353165363066396634663230393066366534
37316565656365316232656132623230333230386237386264356339663234633464653534653165
31363231636564323566663862333138353830323839356161336132336333396636656639316161
34343536363038333939343432363264653666363530343831393161663035653264663735353337
61326565623461363931633632366231353762666136303332616366616334303563363234303961
64613064613834383433616466643136386663663638663337303437653561393961663038646135
37373463323166656264326431383464336163363237306665363936663932383865396434356563
32303831623666323239393261626665303966313632343834646263303465303633373462343730
37326336336161616331346335323065623534323039313638393437666530613365383461363166
33323738356165626435306263336333393461366261306563383736356637386238646437346665
66646462623130346337376634313834663835346135316664383962323965313135303061346162
62323662393131353638316465333835363233666530643165313638356263656536336234366432
35633234313934343530306331326535343662643230306363323734666132303134343630636634
33366134346234333266353537363938333765613232373238373739346434323066346561313332
38666563383462346538363831316235353731303939386533356536313564333061306337316332
37313139643439623332383131626364663562626431626238343865333865313362356235373031
38646265393335306431653935643637663265326237316634333631313138653037616566366538
62646363383431613130326438313230356666313835353039333439316361316233326266326230
38376139396337663833363835313461643032646239643033646131643363383131396638613934
66343562366432616233353862363065663363323438323836633763613236643233313136306164
66633365373164316238326466383537393661323935353630653937313036333666336362613162
30633733303730653038343736346134326338373062656364313236646436383266393863333635
65323234313864316335346463356130386633653163336465303738333163373134626136326530
62623837363335356234396164363332326331666331633663363931333766303731353130323630
62316266313834323532613637376539353238346534623934333261333337663332306135363463
61313266316439666265373139653431386138633136613431333130313563343236623831303865
32306539386366316430376433336335323630383465383835336361643839393931316439333365
65373832363433623663636131333737393965326437383639646539313438346162643432623134
64653938663437613063396135643734653632636436663533353539363166303565656363643430
66343638333137626236396635303163303766313237343938613765666133316132376362306438
34643563306432353031613131643537383638396464663762366130613561616633393335623666
39613266376261316439373065383062636437343236623733613263373532653665346533653063
37656237613064653866353338373031303632663361323264346633653430343166386133653636
34303231313338396232656337373637346664616161343033643337626338636165623230653136
63353237303962616164393039333364643239316561336632626466343831303763636265363332
33316230363930383964303864633236313663356539376236646537303633643864666531356238
34343161333534353036343531626139313030626363616637366536306438613835666231623064
38323566383334646463646463646363333566613733343661346161396437633237613532643439
65396630303438356331386365323766633562376433356634376432666262323533633536363738
37343465663165633361663830333363376232336138656436363962336536333334363430613638
61323632393564363833656633613563386132393861346231636334666534363438396237633035
61656539366135656566366636303930376437313861326264323864643436393035313063623030
62343633303832653630656330633261633961336534633837623233656430623534623266376465
34646562333239373765316666393231313163623762313138663963626234306466336234623038
38303561633938373333333836393531306236303362666138623939636434323733626330376265
30623036336463303764303735623739653862396432343634393331623435393331316532396162
35666466666230323533343161653962643566616637343564646537343433363239383465663736
63326530343263323363636335633330656464386536363231333462323436343964333362616363
35643035316539613563623933356234623935386361633164326231613134666564633232656436
61356662323462663932326262363735386166646566316164363566626664333136323632626562
65613231306562643039373065646633393533623130623539376163363339353065373463323663
31643935623130353637666265626430333262656530326463303838666338323533393363646365
35393365346462336434613363366532663962383363636662323363396664393765336330306266
66343933363166616639323261373338333332356163343661333237363436643365366632616366
32336536656365313232363131363734633265383865396436363331623830666130653239373038
39383339376265626232623763626165386134356163306463396461303261313266323262353663
37636266373237343438353739353631363935663964366337343236393438303430643863393039
62363738366431336634653239643064343232363861346261346131316130356335376136313533
37623166326232316663623037663262376135656461666561623638656362313931626432653030
30306135656533323631656634373232396665346238393633393836373433646337633232336439
30636530376262363463336336386139316166663630353338363065316136386563303134386131
32633539653231333231613930633734373866653165656637386335373537663833356264333238
39366534616566623430636231663230363935663763363763343737303636666663353139356266
30316535356530656235316437646436643832313139643263356131633232616334396136303638
34663466306362373635613039396461623831313931333232303733366333376462366638643832
65323935363734653863363961323363343934343464663134613563656438353238613639353365
61656532616637333436656235633331616663306461396430356239393262366531363434646639
33653630363533666663626164316532373139383533383336313435373534386639646635373632
35636130633033613162313430313966653366333665366165633331613562646631656664626266
30326133326130333039666163623035623337656338656630363039373936336135633334623330
32633963626362303530323562373666646336643664613635613264333430323633333532386163
63353666376233623936333330623030323837363936373163623639316335636633396331363533
38353839343339366635653434616138633930386137616632316164646661643337316633366234
38333263313763366231396439643639376231326236633962303763623939333662363566383961
34623935316138623230303962326636396666306137363164366537366134653736663838653631
65623962333264313561383237656462333234613531653361323330373736386266346530396130
39616137613536373266646637373831633933363766333861306262346163613433316663376138
62373835303863343931323261643862356437643135323762646464343432363433616530376231
30323339643536343262323063326433313432313036633637663861373537363364383465373763
65653638623539313162
